name: SpeakerRecognition
channels:
  - pytorch
  - conda-forge
  - defaults
dependencies:
  - aniso8601=8.0.0=py_0
  - asn1crypto=0.24.0=py35_0
  - audioread=2.1.4=py35_1
  - blas=1.0=mkl
  - bzip2=1.0.8=h01d97ff_1
  - ca-certificates=2019.10.16=0
  - certifi=2018.8.24=py35_1
  - cffi=1.11.5=py35h6174b99_1
  - click=7.0=py_0
  - cryptography=2.3.1=py35hdbc3d79_0
  - cycler=0.10.0=py35hb89929e_0
  - decorator=4.4.1=py_0
  - ffmpeg=3.4.1=0
  - flask=1.1.1=py_0
  - flask-restful=0.3.7=py_0
  - flask-restplus=0.11.0=py35_1
  - freetype=2.8=h12048fb_1
  - idna=2.7=py35_0
  - intel-openmp=2019.4=233
  - itsdangerous=1.1.0=py_0
  - jinja2=2.10.3=py_0
  - joblib=0.14.0=py_0
  - jpeg=9b=he5867d9_2
  - jsonschema=2.6.0=py35_2
  - libcxx=4.0.1=hcfea43d_1
  - libcxxabi=4.0.1=hcfea43d_1
  - libedit=3.1.20181209=hb402a30_0
  - libffi=3.2.1=h475c297_4
  - libgfortran=3.0.1=h93005f0_2
  - libiconv=1.15=h01d97ff_1005
  - libpng=1.6.37=ha441bb4_0
  - librosa=0.6.3=py_0
  - libtiff=4.1.0=hcb84e12_0
  - llvmlite=0.25.0=py35_0
  - markupsafe=1.0=py35h1de35cc_1
  - matplotlib=2.1.0=py35hc2166d4_0
  - mkl=2018.0.3=1
  - ncurses=6.1=h0a44026_1
  - ninja=1.8.2=py35h04f5b5a_1
  - numba=0.40.0=py35hf8a1672_0
  - numpy=1.13.3=py35ha726252_3
  - olefile=0.46=py35_0
  - openssl=1.0.2t=h1de35cc_1
  - pandas=0.23.4=py35h6440ff4_0
  - pillow=5.1.0=py35hfcce615_0
  - pip=10.0.1=py35_0
  - pycparser=2.19=py35_0
  - pymysql=0.9.2=py35_0
  - pyparsing=2.4.5=py_0
  - python=3.5.6=hc167b69_0
  - python-dateutil=2.8.1=py_0
  - pytorch=1.0.0=py3.5_1
  - pytz=2019.3=py_0
  - readline=7.0=h1de35cc_5
  - resampy=0.2.2=py_0
  - scikit-learn=0.20.0=py35h4f467ca_1
  - scipy=1.1.0=py35hcaad992_0
  - setuptools=40.2.0=py35_0
  - six=1.11.0=py35_1
  - sqlite=3.30.1=ha441bb4_0
  - tk=8.6.8=ha441bb4_0
  - torchvision=0.2.1=py_2
  - tornado=5.1.1=py35h1de35cc_0
  - werkzeug=0.16.0=py_0
  - wheel=0.31.1=py35_0
  - x264=1!152.20180806=h1de35cc_0
  - xz=5.2.4=h1de35cc_4
  - zlib=1.2.11=h1de35cc_3
  - zstd=1.3.7=h5bba6e5_0
prefix: /usr/local/anaconda3/envs/SpeakerRecognition

